1.14946
1.0412
1.02946
1.16284
1.25564
1.01035
1.3634
1.01202
1.11804
1.08547
1.00976
1.00699
1.10001
1.13329
1.01366
1.16618
1.01913
1.02942
1.23537
1.02705
1.00809
1.11838
1.08296
1.07357
1.24248
1.06896
1.01106
1.16795
1.06169
1.27918
1.04713
1.04914
1.05893
1.01973
1.12488
1.12823
1.04473
1.02908
1.05322
1.00187
1.05987
1.00335
1.03338
1.00076
1.00391
1.05655
1.1209
1.09897
1.2687
1.05235
1.06224
1.06574
1.03996
1.06334
1.05357
1.00274
1.00216
1.04679
1.06908
1.43116
1.13835
1.03491
1.07524
1.15829
1.22686
1.0283
1.01556
1.38653
1.00613
1.08054
1.02159
1.00781
1.1383
1.0756
1.10876
1.17761
1.16951
1.0053
1.27292
1.00274
1.08372
1.00909
1.08985
1.06457
1.01587
1.01339
1.344
1.20604
1.02689
1.02273
1.17837
1.06725
1.04474
1.00118
1.19814
1.08103
1.20426
1.15361
1.25632
1.03313
1.03022
1.13802
1.05861
1.06315
1.12856
1.11198
1.54464
1.0347
1.18705
1.0003
1.04666
1.16891
1.1103
1.0007
1.01714
1.00349
1.00709
1.03821
1.10013
1.02299
1.17016
1.0436
1.02271
1.1028
1.01679
1.37405
1.03218
1.07281
1.09254
1.01776
1.08237
1.20132
1.19746
1.08089
1.16664
1.22866
1.48093
1.12091
1.01059
1.01736
1.28974
1.04826
1.01372
1.03138
1.03628
1.09395
1.24189
1.53024
1.03306
1.00189
1.00451
1.02464
1.0355
1.12857
1.02096
1.00248
1.05404
1.08006
1.15286
1.02692
1.01581
1.02901
1.01159
1.09721
1.03728
1.13601
1.07458
1.06019
1.04077
1.0275
1.19081
1.0439
1.01507
1.07375
1.2594
1.114
1.01945
1.13473
1.11049
1.1655
1.24107
1.03251
1.01166
1.01768
1.06439
1.07233
1.03725
1.00502
1.02291
1.19052
1.01546
1.02076
1.04756
1.06806
1.12536
1.08813
1.03456
1.05701
1.05041
1.10848
1.0089
1.11332
1.07998
1.10705
1.19569
1.06468
1.02703
1.07617
1.03685
1.07959
1.08797
1.09303
1.2509
1.03462
1.0599
1.11814
1.04826
1.00497
1.06286
1.12842
1.2063
1.06494
1.02534
1.02162
1.00639
1.22598
1.05073
1.12821
1.02322
1.02656
1.01074
1.16969
1.02323
1.07928
1.23624
1.13561
1.10346
1.09078
1.05129
1.03736
1.02819
1.13153
1.0207
1.00695
1.08398
1.00136
1.0126
1.00194
1.13222
1.13083
1.04873
1.06332
1.03569
1.01229
1.08298
1.02149
1.26079
1.09654
1.05393
1.10049
1.44615
1.01452
1.00408
1.01698
1.12012
1.00222
1.00893
1.05271
1.07064
1.0627
1.14312
1.17526
1.00425
1.0136
1.05006
1.11679
1.06021
1.03396
1.1847
1.00663
1.1233
1.01376
1.05896
1.08545
1.00111
1.37733
1.00472
1.14796
1.03616
1.00434
1.01409
1.02648
1.02239
1.01447
1.00039
1.21
1.00913
1.03703
1.02694
1.03317
1.00146
1.42101
1.0803
1.07195
1.0228
1.15458
1.01615
1.00343
1.07451
1.00052
1.10366
1.00569
1.0536
1.0579
1.10244
1.05631
1.04459
1.01361
1.01456
1.02852
1.10265
1.10403
1.03729
1.07859
1.04234
1.1111
1.01687
1.05249
1.17974
1.19938
1.01868
1.03426
1.01738
1.00569
1.26685
1.06276
1.0695
1.03331
1.04511
1.0531
1.04965
1.04592
1.20235
1.05813
1.1747
1.24614
1.01177
1.11659
1.09692
1.02417
