3.759600000000000164e-01 -5.148099999999999898e-01 -1.662799999999999834e-01 -1.877199999999999980e-01 2.816199999999999815e-01 2.426999999999999991e-01 3.781700000000000061e-01 -2.750400000000000067e-01 -3.414400000000000213e-01 -1.280400000000000149e-01 -2.022100000000000009e-01
3.935199999999999809e-02 1.464799999999999991e-01 9.070400000000000164e-04 -3.752199999999999980e-01 7.121700000000000252e-02 -7.733899999999999109e-01 2.829900000000000124e-02 -1.034700000000000064e-01 -7.464700000000000502e-02 4.605800000000000449e-01 -6.159400000000000291e-02
-2.006999999999999756e-02 1.463099999999999956e-01 -3.373099999999999987e-01 -2.412999999999999867e-01 -3.576599999999999779e-01 2.893199999999999938e-02 -3.796999999999999820e-01 2.656399999999999872e-01 1.621200000000000141e-01 -2.721300000000000385e-01 -6.019600000000000506e-01
-2.689099999999999824e-01 4.314600000000000102e-01 4.728699999999999570e-01 -1.706999999999999906e-01 -1.698099999999999957e-02 5.807299999999999962e-02 -2.082799999999999929e-02 3.733500000000000152e-01 -4.564300000000000024e-01 3.400500000000000189e-01 1.461000000000000076e-01
2.441599999999999882e-01 4.306899999999999618e-01 1.657599999999999907e-01 1.780700000000000061e-01 4.394899999999999363e-01 -2.136800000000000088e-01 5.129700000000000371e-01 -3.810199999999999698e-01 -4.936200000000000310e-02 -1.379599999999999993e-01 -1.646499999999999908e-01
2.184300000000000130e-01 1.571400000000000019e-01 4.826199999999999934e-01 -1.920999999999999930e-01 8.516900000000000859e-02 -2.782999999999999918e-01 1.380200000000000038e-01 -4.992300000000000071e-01 -3.327900000000000302e-01 -3.719800000000000190e-02 -4.389199999999999768e-01
7.230999999999999650e-01 2.627400000000000291e-01 -2.878199999999999856e-02 8.403800000000000159e-02 1.251299999999999912e-01 -1.603999999999999870e-01 7.137200000000000488e-02 -2.046699999999999908e-01 -5.182100000000000595e-01 -9.951799999999999535e-02 1.827400000000000135e-01
4.865800000000000125e-01 2.948399999999999910e-01 -4.853999999999999981e-01 6.309499999999999831e-02 5.205699999999999772e-01 -7.946999999999999204e-03 -3.130300000000000304e-01 7.889000000000000179e-02 2.121999999999999997e-01 7.780800000000000216e-02 -1.017799999999999955e-01
-3.062099999999999822e-01 -2.842800000000000327e-01 -6.105099999999999971e-01 -1.350000000000000089e-01 2.693599999999999883e-01 3.112699999999999911e-01 3.437100000000000155e-01 1.869699999999999973e-01 2.467800000000000271e-01 2.180499999999999938e-01 -5.909099999999999769e-02
4.001899999999999902e-01 2.660500000000000087e-01 2.823499999999999899e-01 -4.736800000000000455e-01 5.567199999999999926e-01 1.062599999999999933e-01 -2.051099999999999868e-01 2.156300000000000161e-01 -6.856199999999999795e-02 2.046999999999999931e-01 -9.253000000000000114e-02
2.359699999999999853e-01 -2.225499999999999978e-01 -3.836600000000000010e-01 5.078699999999999881e-02 3.060100000000000042e-01 -3.511000000000000232e-01 4.514000000000000234e-01 -1.717400000000000038e-01 -4.887199999999999878e-01 1.808899999999999952e-01 1.525299999999999989e-01
1.777400000000000091e-01 -2.131699999999999706e-01 -1.993699999999999917e-01 -1.458100000000000021e-02 -2.142000000000000015e-01 4.288899999999999380e-01 3.592299999999999938e-01 3.759199999999999764e-01 -5.470500000000000362e-01 1.791800000000000059e-01 -2.268000000000000016e-01
2.585500000000000020e-01 2.740099999999999758e-01 6.940999999999999948e-02 2.200499999999999956e-01 2.908099999999999921e-02 -4.477600000000000469e-01 3.640499999999999847e-01 -2.237999999999999989e-01 -2.161699999999999733e-01 -5.649800000000000377e-01 -2.343999999999999972e-01
-1.863400000000000056e-01 -5.937000000000000055e-01 -7.508499999999999897e-02 2.710000000000000187e-01 3.595800000000000107e-01 1.275799999999999990e-01 3.141599999999999948e-01 -4.641800000000000370e-01 2.247699999999999698e-01 -9.679400000000000504e-02 1.187200000000000061e-01
2.855500000000000260e-01 2.762900000000000356e-01 3.836600000000000427e-02 6.365499999999998937e-02 -1.422899999999999998e-01 -3.988400000000000278e-01 -4.679800000000000071e-01 -7.105100000000000478e-03 2.340800000000000103e-01 1.549800000000000066e-01 5.995000000000000329e-01
-6.464499999999999691e-01 4.783000000000000029e-01 -1.302099999999999924e-01 -4.563199999999999895e-03 -1.342199999999999990e-02 1.411300000000000054e-01 -1.022799999999999959e-01 -4.380300000000000304e-01 -2.831500000000000128e-01 -1.342800000000000070e-02 1.832099999999999840e-01
-6.149700000000000166e-01 -2.321800000000000253e-01 -1.522099999999999755e-03 2.310500000000000054e-01 3.879500000000000171e-01 1.818899999999999961e-01 2.043599999999999861e-01 3.612299999999999955e-01 1.182599999999999901e-01 -2.107600000000000029e-01 3.166599999999999970e-01
6.676999999999999602e-01 4.496699999999999586e-01 -4.632499999999999812e-02 -7.201899999999999968e-02 -5.956799999999999595e-02 -2.215900000000000092e-01 -3.512800000000000367e-01 -1.864799999999999791e-02 -5.880899999999999669e-03 2.177400000000000169e-01 3.475599999999999801e-01
-6.132100000000000051e-02 -2.584800000000000292e-02 -5.713099999999999845e-01 1.365800000000000070e-01 -3.318000000000000116e-02 1.160599999999999965e-01 4.431499999999999884e-01 -1.586899999999999977e-01 -5.399599999999999955e-01 -4.530599999999999905e-02 -3.475400000000000156e-01
-4.797399999999999443e-01 8.907799999999999052e-02 -1.318099999999999827e-01 -5.391799999999999926e-01 3.520699999999999941e-01 -8.338200000000001166e-02 5.019399999999999418e-01 -2.538099999999999801e-01 1.852499999999999980e-02 6.844400000000000484e-02 3.902100000000000013e-02
-4.921600000000000419e-01 1.600099999999999786e-02 -2.475099999999999800e-01 -7.918700000000000738e-02 -2.855300000000000060e-01 1.587500000000000022e-02 -3.731300000000000172e-01 -3.046499999999999764e-01 -2.109400000000000164e-01 -3.322900000000000298e-01 -4.703899999999999748e-01
-7.008999999999999675e-01 -3.754899999999999904e-01 4.750499999999999862e-02 -1.283300000000000066e-02 -2.961000000000000090e-02 1.702899999999999969e-01 -7.366100000000000425e-02 2.252900000000000180e-01 -5.178199999999999470e-01 -5.434299999999999548e-02 9.040399999999999825e-02
3.654800000000000271e-01 -3.215500000000000025e-01 -4.997900000000000259e-02 1.016999999999999987e-01 2.013500000000000012e-01 7.390300000000000688e-03 4.499899999999999456e-01 -5.177699999999999525e-01 4.546600000000000641e-01 -1.584799999999999820e-01 8.478200000000001013e-02
-3.194099999999999717e-01 5.342500000000000027e-01 -5.350399999999999601e-02 5.136900000000000494e-02 -3.212700000000000000e-01 -3.488499999999999934e-01 1.267999999999999960e-01 -2.650500000000000078e-02 -5.822899999999999743e-01 1.217499999999999971e-01 1.071099999999999969e-01
-3.072699999999999876e-01 4.303300000000000458e-01 2.703999999999999737e-01 -2.027799999999999880e-01 -2.552800000000000069e-01 3.026200000000000001e-01 6.422799999999999343e-02 -4.908800000000000385e-01 -2.232500000000000040e-01 1.818700000000000039e-01 -3.484499999999999820e-01
1.207799999999999985e-01 -9.090700000000000169e-02 2.750099999999999767e-01 -3.035299999999999804e-02 -4.629400000000000182e-02 1.981999999999999873e-01 -4.073500000000000038e-02 -4.307199999999999918e-01 8.351799999999999502e-02 -7.167799999999999727e-01 3.888900000000000134e-01
-2.048000000000000098e-01 1.316100000000000048e-01 -5.302399999999999336e-01 1.397899999999999976e-01 -3.165899999999999964e-02 -4.080400000000000138e-01 2.195699999999999874e-01 -1.037200000000000066e-01 -3.828900000000000081e-01 1.048299999999999926e-02 -5.165899999999999936e-01
-2.770699999999999830e-01 1.138699999999999990e-01 -3.790699999999999625e-01 -4.026699999999999724e-01 5.207899999999999752e-01 1.038400000000000156e-01 2.104000000000000037e-01 -1.419100000000000049e-02 3.279599999999999738e-01 3.844699999999999784e-01 -1.502600000000000047e-01
-2.309300000000000241e-01 -1.824000000000000066e-01 -2.396000000000000074e-01 7.891000000000000236e-01 2.067900000000000016e-01 1.885199999999999931e-01 -7.848900000000000321e-02 -8.091299999999999881e-02 7.952599999999999947e-02 -1.330800000000000038e-01 -3.439099999999999935e-01
-2.135699999999999821e-01 2.833400000000000363e-01 1.996099999999999819e-01 2.099300000000000055e-01 1.264800000000000091e-01 -2.793700000000000072e-01 6.823700000000000598e-02 -1.509199999999999986e-01 -2.074199999999999933e-01 -3.859800000000000453e-01 6.904500000000000082e-01
2.903399999999999870e-01 -2.067099999999999771e-01 2.311999999999999889e-01 1.412100000000000022e-01 5.297400000000000025e-02 -6.522200000000000220e-01 5.052800000000000624e-01 2.094900000000000095e-01 -2.472400000000000153e-01 -1.039099999999999885e-01 1.609900000000000220e-02
1.674400000000000055e-01 -6.101199999999999957e-01 -3.372800000000000242e-01 1.053700000000000053e-01 -1.005500000000000005e-01 -3.931999999999999940e-01 -3.954099999999999837e-01 2.257199999999999762e-01 -1.692299999999999915e-01 2.713999999999999746e-01 2.335200000000000123e-02
1.660299999999999832e-01 -2.627999999999999781e-01 3.745999999999999885e-01 -4.370199999999999640e-01 1.670800000000000063e-01 6.949699999999999767e-01 1.182400000000000118e-01 1.027700000000000002e-01 -6.701300000000000312e-03 -5.526000000000000356e-02 1.830700000000000105e-01
-3.018600000000000172e-01 6.281899999999999151e-01 4.629399999999999626e-01 -1.301599999999999979e-01 3.980400000000000049e-01 -1.814300000000000079e-01 -5.402000000000000551e-02 -1.990399999999999808e-02 1.589200000000000057e-01 -2.031000000000000028e-01 -1.477400000000000102e-01
-4.996800000000000130e-01 3.646499999999999742e-01 2.414900000000000033e-02 -2.313599999999999823e-01 -5.216100000000000181e-01 -5.514899999999999664e-03 2.056599999999999817e-01 -3.333599999999999897e-01 1.206400000000000111e-01 -2.193400000000000072e-01 2.739400000000000168e-01
3.460299999999999487e-02 8.071899999999999908e-02 -3.825000000000000067e-01 -1.788900000000000212e-01 1.578400000000000081e-01 -3.187900000000000178e-01 2.714100000000000193e-02 4.851399999999999602e-01 -3.246699999999999586e-01 -5.718699999999999894e-01 1.374200000000000144e-01
3.746900000000000230e-02 2.860099999999999865e-01 6.699899999999999745e-01 4.116800000000000320e-02 4.702800000000000313e-01 -3.347199999999999620e-01 3.408900000000000263e-01 -4.966299999999999881e-02 6.357999999999999763e-02 -6.679600000000000815e-02 -7.641799999999999982e-02
-1.618199999999999916e-01 -5.767800000000000704e-01 -1.896899999999999975e-01 3.870800000000000352e-01 1.650599999999999845e-01 -2.626499999999999946e-01 -1.871099999999999985e-01 -2.330099999999999949e-01 1.138400000000000002e-02 4.959199999999999720e-01 1.540200000000000180e-01
-1.928799999999999959e-01 3.729000000000000092e-01 8.613300000000000123e-02 -3.012400000000000078e-01 -9.517000000000000459e-02 -2.230300000000000060e-01 6.084399999999999809e-01 -6.304099999999999981e-02 -5.070299999999999807e-01 1.738299999999999845e-01 -7.289400000000000046e-02
-2.417099999999999804e-01 -6.698399999999999910e-01 -2.767100000000000115e-01 1.759300000000000030e-01 2.811599999999999655e-01 2.016599999999999782e-01 2.092499999999999916e-01 -1.702599999999999947e-02 3.799500000000000099e-01 -2.157099999999999990e-02 2.770400000000000085e-01
-1.965699999999999947e-01 -3.240399999999999947e-01 -8.534400000000000319e-02 4.558300000000000129e-01 2.289899999999999991e-01 3.035599999999999965e-01 -3.196699999999999542e-01 -3.667099999999999804e-01 -2.208300000000000263e-01 4.438600000000000323e-01 1.194500000000000006e-01
-4.630500000000000171e-01 2.847199999999999731e-01 -1.807199999999999918e-01 2.989100000000000090e-01 -2.918000000000000038e-01 -2.125199999999999867e-01 1.273600000000000010e-01 -1.495599999999999985e-01 -2.146399999999999975e-01 1.195799999999999919e-01 5.943399999999999794e-01
-2.558400000000000118e-01 4.207199999999999829e-01 -2.770699999999999830e-01 -5.008900000000000158e-02 1.337599999999999900e-01 2.812900000000000122e-02 -3.165000000000000036e-01 4.120800000000000018e-01 -4.967500000000000249e-01 -3.586099999999999843e-01 1.192799999999999971e-01
-4.202100000000000279e-01 4.077300000000000368e-01 -2.618300000000000072e-01 -3.916100000000000136e-01 -1.274099999999999955e-01 -5.582199999999999385e-01 1.024999999999999939e-01 -1.068500000000000005e-01 1.812400000000000122e-01 -9.860299999999999621e-02 2.071900000000000130e-01
-5.022399999999999087e-01 9.992299999999999793e-02 -2.016199999999999937e-01 -1.364599999999999980e-01 2.943300000000000360e-01 -5.425300000000000678e-01 -4.153199999999999670e-01 -2.628599999999999826e-01 -8.266400000000000137e-02 1.822199999999999931e-01 1.260999999999999899e-01
-4.197500000000000120e-01 1.734300000000000008e-01 2.907199999999999784e-01 1.803400000000000003e-01 2.732400000000000106e-02 -3.251900000000000346e-01 2.516400000000000303e-01 3.521199999999999886e-01 -2.641000000000000014e-01 -5.210500000000000131e-01 -2.040700000000000014e-01
-6.395599999999999896e-02 1.896200000000000108e-01 -2.985800000000000121e-01 -3.780899999999999817e-01 -3.636199999999999988e-01 -3.917599999999999971e-01 4.337199999999999944e-01 -3.157499999999999751e-01 -1.247599999999999959e-01 -3.419300000000000117e-01 1.478700000000000014e-01
-3.875500000000000056e-01 1.806000000000000105e-01 5.356300000000000505e-01 -1.734999999999999876e-01 -2.703499999999999792e-01 5.279899999999999594e-01 -7.243900000000000339e-02 2.427400000000000113e-01 1.774400000000000144e-01 -9.595700000000000410e-03 -2.292900000000000216e-01
-2.769499999999999740e-01 2.179599999999999871e-01 -2.134099999999999886e-01 4.936899999999999622e-01 2.523400000000000087e-01 -5.540399999999999769e-01 -2.593799999999999994e-01 4.002700000000000008e-02 -2.033299999999999830e-01 -2.445800000000000196e-01 2.141099999999999948e-01
1.875999999999999890e-01 -2.814499999999999780e-01 -1.940500000000000003e-01 2.704599999999999782e-01 1.320000000000000062e-01 1.634200000000000097e-01 -1.701499999999999957e-01 4.547199999999999576e-01 -6.296500000000000430e-01 -2.797199999999999687e-01 -1.422499999999999876e-01
-4.776100000000000345e-01 -6.360399999999999388e-01 2.880800000000000027e-01 -2.641000000000000014e-01 -2.348500000000000032e-01 -4.470799999999999774e-02 2.724699999999999900e-01 -1.299700000000000022e-01 1.004200000000000093e-01 1.242999999999999938e-01 2.019499999999999906e-01
3.109899999999999887e-01 3.755699999999999594e-01 -5.272999999999999909e-01 2.438300000000000189e-01 7.260499999999998899e-02 1.800700000000000078e-01 2.581900000000000306e-01 2.217500000000000027e-01 -1.820299999999999974e-01 4.637800000000000256e-01 -1.516000000000000125e-01
4.593200000000000061e-01 -6.989199999999999857e-01 1.684299999999999964e-01 -1.075699999999999990e-01 -8.141699999999998938e-02 -4.129700000000000037e-02 4.329399999999999742e-03 -1.577699999999999936e-01 2.053599999999999870e-01 -2.499000000000000110e-01 3.503300000000000303e-01
-1.232000000000000109e-02 -2.409699999999999898e-01 -1.745400000000000007e-01 -2.025399999999999978e-01 -4.775899999999999590e-01 3.117900000000000116e-01 -4.598899999999999655e-01 -1.462200000000000166e-01 4.716899999999999427e-01 -4.504400000000000071e-02 2.959600000000000009e-01
1.934200000000000086e-01 -3.143500000000000183e-01 -1.877900000000000125e-01 6.898899999999998610e-03 -1.674100000000000033e-01 5.220700000000000340e-01 2.369999999999999885e-01 7.280299999999999272e-02 -2.030399999999999983e-01 -5.586600000000000454e-01 -3.362699999999999578e-01
-4.583499999999999797e-01 -3.127800000000000025e-01 5.650399999999999867e-01 2.991699999999999915e-01 3.177800000000000069e-01 1.706099999999999839e-01 -4.129399999999999737e-02 1.932099999999999929e-01 -1.695599999999999885e-01 5.739700000000000357e-02 2.866000000000000214e-01
4.377699999999999925e-01 3.166499999999999870e-01 1.400000000000000133e-01 -5.333600000000000563e-01 3.569599999999999995e-01 4.266399999999999637e-01 2.021099999999999841e-01 3.039200000000000235e-02 -1.594200000000000061e-01 -8.838600000000000623e-02 1.399299999999999988e-01
-4.003499999999999837e-01 -2.309100000000000041e-02 -1.785599999999999965e-01 -1.792900000000000049e-01 2.927800000000000402e-01 4.072899999999999854e-01 4.434199999999999947e-02 -5.910600000000000298e-01 -1.358000000000000040e-01 1.443499999999999991e-02 3.919000000000000261e-01
1.183200000000000085e-01 -3.068500000000000116e-01 -2.134999999999999953e-01 -4.821899999999999520e-01 9.982800000000000007e-02 4.936399999999999677e-01 -1.252500000000000002e-01 -3.157900000000000151e-01 -1.692700000000000038e-01 2.454500000000000015e-01 3.947100000000000053e-01
2.489599999999999869e-01 1.283200000000000174e-01 2.933199999999999696e-01 5.065400000000000458e-02 1.751599999999999824e-01 -3.493999999999999884e-01 4.237899999999999445e-01 -1.804199999999999970e-01 -6.515100000000000058e-02 -7.809199999999999475e-02 6.765299999999999647e-01
-3.469099999999999961e-01 -2.733500000000000166e-02 7.243600000000000039e-01 -7.628400000000000458e-02 -1.854000000000000092e-01 -3.072099999999999831e-01 2.789900000000000158e-01 -2.017700000000000049e-02 2.602999999999999758e-01 -1.587999999999999967e-01 -2.200300000000000311e-01
-2.896999999999999922e-02 -7.171300000000000452e-01 -4.618799999999999989e-02 1.604600000000000123e-02 3.904000000000000248e-01 7.920900000000000163e-02 7.957200000000001078e-03 -2.402400000000000091e-01 5.048699999999999299e-01 -9.729299999999999060e-02 4.081900000000000112e-02
5.715799999999999770e-01 1.119999999999999885e-01 -2.585699999999999665e-01 8.422999999999999932e-02 -5.114400000000000057e-01 2.477599999999999802e-01 2.094499999999999834e-02 -2.494599999999999942e-02 3.097300000000000053e-01 2.242900000000000171e-01 3.413800000000000168e-01
-5.590600000000000014e-01 -4.023999999999999799e-01 5.342799999999999772e-01 -1.638000000000000012e-01 -2.504099999999999659e-01 -1.991600000000000037e-01 1.166500000000000037e-01 -2.556999999999999829e-01 1.553799999999999903e-01 -8.663300000000000167e-02 1.516399999999999866e-02
-4.494100000000000317e-01 3.495400000000000174e-01 -2.198199999999999807e-02 -3.785899999999999821e-01 3.406500000000000083e-01 -4.100800000000000001e-01 -1.465599999999999958e-01 3.229899999999999993e-01 -3.359400000000000164e-01 -4.164999999999999432e-03 -9.571300000000000641e-02
-1.414700000000000124e-01 2.990900000000000225e-01 1.880599999999999772e-01 1.006399999999999934e-01 1.055099999999999927e-01 3.060800000000000187e-01 3.001000000000000195e-02 -8.138900000000000023e-01 8.137899999999998260e-03 2.738400000000000278e-01 4.295000000000000207e-02
6.344400000000000039e-02 1.969100000000000017e-01 -1.096200000000000091e-01 -1.242499999999999993e-01 -3.547900000000000359e-02 -4.683199999999999585e-01 4.836699999999999888e-01 -4.623300000000000187e-01 -2.708699999999999997e-01 -2.414300000000000057e-01 3.603000000000000091e-01
-5.688700000000000007e-02 -3.210199999999999720e-01 2.843100000000000072e-01 6.070300000000000001e-02 -4.825200000000000045e-01 -1.138500000000000068e-01 -2.367400000000000060e-01 2.579500000000000126e-01 -4.556600000000000095e-01 -4.774100000000000565e-01 7.264400000000000024e-02
4.694499999999999784e-01 -2.858300000000000285e-01 1.891200000000000103e-01 -4.794499999999999873e-01 -4.705699999999999883e-01 2.651499999999999968e-01 -3.240600000000000147e-01 -9.020999999999999852e-02 -5.392200000000000465e-02 -3.093699999999999922e-02 1.533599999999999963e-01
-7.395899999999999697e-02 1.447499999999999898e-01 -3.401199999999999779e-01 -4.240700000000000025e-01 3.652999999999999997e-02 1.768000000000000127e-01 1.424300000000000010e-01 8.365599999999999425e-02 -3.507600000000000162e-01 8.891499999999999404e-02 6.980300000000000393e-01
1.179400000000000032e-01 2.941900000000000071e-01 3.663899999999999796e-02 4.762699999999999712e-01 -6.122400000000000064e-01 2.917799999999999561e-02 3.357999999999999874e-01 1.380000000000000115e-01 -2.393800000000000094e-02 -3.334799999999999986e-01 -2.282399999999999984e-01
-2.921500000000000208e-01 4.152199999999999780e-01 5.080200000000000271e-01 -4.727300000000000252e-02 1.270599999999999785e-01 -2.499300000000000133e-01 2.505699999999999594e-01 -3.287800000000000167e-01 -2.727800000000000225e-01 3.953599999999999892e-01 4.142799999999999955e-02
5.721900000000000597e-02 2.945800000000000085e-01 -2.630199999999999760e-01 4.904499999999999971e-01 4.705399999999999860e-02 1.085099999999999953e-01 -1.700399999999999967e-01 6.909999999999999476e-01 -2.099999999999999922e-01 1.220200000000000035e-01 1.444000000000000006e-01
-4.296600000000000419e-01 -1.031799999999999939e-01 -8.304100000000000023e-03 -1.391099999999999837e-01 6.772699999999999276e-01 4.586400000000000199e-02 -1.965900000000000147e-01 -2.893399999999999861e-01 3.346699999999999675e-01 -1.845799999999999941e-01 -2.368400000000000227e-01
7.307500000000000107e-02 -2.202300000000000091e-01 4.479699999999999793e-01 4.536999999999999922e-01 2.640600000000000169e-01 4.445000000000000340e-02 1.176700000000000107e-01 4.701600000000000223e-01 1.623300000000000021e-01 -4.537600000000000522e-01 2.782900000000000304e-02
-2.379599999999999771e-01 -1.757799999999999918e-01 4.753600000000000186e-02 2.427300000000000291e-01 3.751600000000000074e-02 -2.414599999999999802e-01 -3.985699999999999799e-01 -3.130900000000000349e-01 2.103199999999999792e-01 -3.394400000000000195e-01 6.125800000000000134e-01
-8.628200000000001146e-02 -5.738699999999999912e-01 -5.559899999999999842e-01 -1.454400000000000137e-01 -5.743999999999999800e-02 -3.756700000000000317e-02 -1.959899999999999975e-01 -2.793499999999999872e-01 -2.655500000000000083e-01 1.730399999999999994e-01 3.336600000000000121e-01
-1.683199999999999974e-01 1.311700000000000088e-01 1.749400000000000122e-01 2.943300000000000360e-01 -2.860400000000000165e-01 -3.049200000000000174e-02 1.274399999999999977e-01 2.814200000000000035e-01 -4.064200000000000451e-02 -2.588900000000000090e-01 7.683499999999999774e-01
-2.305699999999999694e-01 -1.057000000000000023e-01 -1.171799999999999925e-01 2.536100000000000021e-01 8.605700000000000849e-02 4.650699999999999834e-01 -7.243299999999999739e-02 -8.802400000000000502e-02 -5.490099999999999980e-01 -7.687199999999999936e-03 5.652000000000000357e-01
-2.361999999999999933e-01 1.665699999999999958e-01 -1.330099999999999859e-02 5.876500000000000057e-01 2.385599999999999943e-01 4.877000000000000224e-01 3.991600000000000148e-01 1.868200000000000138e-01 2.711600000000000121e-01 1.087999999999999905e-02 9.117300000000000404e-02
2.109699999999999909e-01 -1.552099999999999997e-04 -2.553400000000000114e-01 5.827999999999999847e-01 -3.887400000000000300e-01 1.522799999999999987e-01 -3.088199999999999834e-01 -4.767500000000000071e-01 -1.467200000000000171e-01 -6.627000000000000945e-02 1.665900000000000158e-01
-2.143300000000000205e-01 -2.674300000000000010e-01 -1.823700000000000043e-01 -2.152499999999999969e-01 1.466800000000000048e-01 4.911800000000000055e-01 4.578800000000000092e-01 -1.371999999999999886e-01 -4.854899999999999771e-01 2.481699999999999739e-01 1.200500000000000039e-01
1.895199999999999940e-01 4.434799999999999853e-02 -2.076699999999999935e-01 2.402099999999999791e-01 2.259500000000000119e-01 -1.061900000000000066e-01 4.550899999999999390e-01 -1.940099999999999880e-01 -7.279100000000000570e-01 9.504700000000000648e-02 -1.237900000000000111e-01
3.694999999999999951e-01 -8.978500000000000369e-02 -8.565399999999999403e-02 -2.372300000000000242e-01 2.543599999999999750e-01 -6.277599999999999847e-01 -1.140500000000000021e-02 1.553900000000000003e-01 4.119700000000000029e-01 1.824300000000000088e-01 3.251699999999999591e-01
-1.765500000000000125e-01 -3.600899999999999934e-02 -8.848699999999999621e-02 2.292699999999999738e-01 -1.517599999999999782e-01 4.042899999999999827e-01 -4.097800000000000331e-01 -1.179200000000000109e-01 -4.983699999999999797e-01 -3.224299999999999944e-01 4.318500000000000116e-01
4.060199999999999920e-01 -7.644099999999999506e-02 1.599799999999999833e-01 -5.424100000000000588e-01 6.591799999999999049e-02 -2.710400000000000031e-01 -3.433499999999999885e-01 -1.034299999999999942e-01 -1.914000000000000076e-02 4.416600000000000525e-01 3.281399999999999872e-01
2.363099999999999923e-01 -2.920300000000000118e-01 -4.632699999999999596e-01 5.943399999999999794e-01 3.885600000000000338e-03 7.501000000000000723e-02 -9.842100000000000848e-02 3.225600000000000134e-01 1.962299999999999878e-01 2.242199999999999749e-01 -2.878499999999999948e-01
-5.992300000000000404e-02 1.016200000000000020e-01 -3.246899999999999786e-02 2.674900000000000055e-01 -4.876300000000000079e-01 -3.562699999999999756e-01 -6.047600000000000753e-01 1.602900000000000158e-01 -5.715399999999999647e-02 -3.388300000000000201e-01 -1.981600000000000028e-01
2.074099999999999833e-01 -8.452400000000000191e-02 -5.039299999999999891e-01 -2.251300000000000245e-01 -2.939499999999999891e-01 5.358999999999999875e-02 -1.066900000000000071e-01 -2.031200000000000019e-02 -7.699400000000000688e-02 -5.888399999999999190e-01 4.375800000000000245e-01
-2.750799999999999912e-01 1.373699999999999921e-01 3.617900000000000282e-02 -4.909199999999999675e-01 -5.400000000000000633e-02 6.007200000000000317e-01 1.013399999999999995e-01 3.023500000000000076e-01 -2.186199999999999949e-02 -1.508200000000000096e-01 -4.176799999999999957e-01
-1.194700000000000067e-01 5.825600000000000778e-01 1.938700000000000145e-02 -2.550800000000000289e-01 8.825600000000000112e-02 -2.451699999999999713e-01 -6.567200000000000815e-02 1.810499999999999887e-01 -6.669100000000000028e-01 -9.295199999999999296e-02 1.500299999999999967e-01
1.875499999999999945e-01 -1.843299999999999939e-01 3.355500000000000149e-01 4.220499999999999426e-03 -6.548000000000000487e-01 2.028999999999999970e-01 -1.080400000000000110e-01 3.030700000000000061e-01 3.707500000000000240e-01 -1.004499999999999976e-01 -3.118400000000000061e-01
-8.057100000000000373e-02 -6.732899999999999996e-02 9.462800000000000378e-02 3.035900000000000265e-01 -5.290600000000000858e-01 3.375199999999999867e-01 3.567599999999999660e-01 5.379599999999999937e-01 -2.490099999999999814e-01 4.794199999999999851e-02 1.142299999999999982e-01
6.638199999999999656e-01 -9.446399999999999242e-02 -5.195800000000000418e-02 9.395000000000000573e-02 3.449900000000000189e-01 3.440300000000000025e-01 -3.927599999999999980e-01 6.188200000000000645e-02 3.579100000000000059e-01 1.232499999999999984e-01 -1.138899999999999982e-02
-1.817099999999999826e-01 1.147599999999999870e-01 -2.721500000000000030e-01 1.981700000000000128e-01 -7.066400000000000459e-03 -3.460599999999999787e-01 4.701299999999999923e-01 -2.252000000000000113e-01 3.734500000000000042e-01 4.552499999999999880e-01 -3.197099999999999942e-01
-3.187999999999999723e-01 1.118400000000000089e-01 -2.964699999999999558e-01 -2.890599999999999836e-01 2.393099999999999949e-01 -3.492199999999999749e-01 3.274799999999999933e-01 9.940999999999999837e-02 -3.563500000000000001e-01 4.313800000000000412e-01 -3.240199999999999747e-01
1.645999999999999963e-01 2.850500000000000256e-01 -6.335999999999999965e-02 5.719800000000000439e-01 2.242099999999999926e-01 4.080500000000000099e-02 8.932000000000001050e-02 1.692500000000000115e-01 -2.968300000000000383e-01 5.306300000000000461e-01 -3.197499999999999787e-01
-3.116900000000000226e-01 -6.551700000000000301e-01 2.616399999999999837e-01 3.867499999999999827e-01 -1.341699999999999837e-02 -3.164800000000000252e-02 -1.308600000000000041e-01 2.010599999999999887e-01 -1.438900000000000179e-01 -4.175100000000000477e-01 -4.272399999999999809e-02
-1.017200000000000049e-01 3.242200000000000082e-01 2.810300000000000020e-01 -1.977100000000000038e-02 1.171200000000000019e-02 -3.455699999999999883e-01 -3.251000000000000001e-01 -3.358599999999999919e-01 1.363400000000000167e-01 -6.251200000000000090e-01 2.403000000000000136e-01
-5.628300000000000525e-01 -6.917600000000000138e-02 4.837099999999999733e-02 3.969599999999999795e-01 -3.815000000000000058e-01 3.723099999999999743e-01 -2.153599999999999959e-01 2.494800000000000073e-01 -4.215100000000000270e-03 -2.630699999999999705e-01 2.377400000000000069e-01
